== Ejercicio 2 ==

== Creciente ==

104 105 103   0  82  83  81   0  42  43  41   0 243 244 242   0 125 126 124   0 
243 244 242   0 125 126 124   0  28  29  27   0 119 120 118   0  52  53  51   0 
119 120 118   0  52  53  51   0 103 104 102   0  50  51  49   0  38  39  37   0 
 50  51  49   0  38  39  37   0  89  90  88   0 172 173 171   0 156 157 155   0 
172 173 171   0 156 157 155   0  15  16  14   0  34  35  33   0 113 114 112   0 
 34  35  33   0 113 114 112   0  66  67  65   0  63  64  62   0 235 236 234   0 
 63  64  62   0 235 236 234   0 144 145 143   0 237 238 236   0  51  52  50   0 
237 238 236   0  51  52  50   0 237 238 236   0   3   4   2   0 252 253 251   0 
  3   4   2   0 252 253 251   0 252 253 251   0   6   7   5   0 118 119 117   0 
  6   7   5   0 118 119 117   0 138 139 137   0 169 170 168   0 178 179 177   0 
169 170 168   0 178 179 177   0   6   7   5   0 234 235 233   0 203 204 202   0 
234 235 233   0 203 204 202   0  73  74  72   0  32  33  31   0  29  30  28   0 

== Random ==

198 105 115   0 255  74 236   0 171 205 186   0  70 251 227   0 194  84 248   0 
 70 251 227   0 194  84 248   0 141 232 231   0  90  46  99   0 159 201 154   0 
 90  46  99   0 159 201 154   0  50  13 183   0  88 163  90   0  93   5  23   0 
 88 163  90   0  93   5  23   0 233  94 212   0 178 205 198   0  17 180  84   0 
178 205 198   0  17 180  84   0  65 130 116   0  61 220 135   0 233  62 161   0 
 61 220 135   0 233  62 161   0 225 252 103   0 126 151   1   0 220 107 150   0 
126 151   1   0 220 107 150   0  56  92  42   0 176  59 251   0 175  60  84   0 
176  59 251   0 175  60  84   0  24 219  92   0  26 254  67   0  58 250 170   0 
 26 254  67   0  58 250 170   0 209 230  41   0 124 148  60   0  97 216 190   0 
124 148  60   0  97 216 190   0 249  92 187   0 153  15 149   0 235 241 179   0 
153  15 149   0 235 241 179   0 239 247   0   0 161  58 229   0 203 208  11   0 
161  58 229   0 203 208  11   0 100 189  71   0  35  30 168   0 123 100 197   0 

== Decreciente==

198 105 115   0 255  74 236   0 171 205 186   0  70 251 227   0 194  84 248   0 
 70 251 227   0 194  84 248   0 141 232 231   0  90  46  99   0 159 201 154   0 
 90  46  99   0 159 201 154   0  50  13 183   0  88 163  90   0  93   5  23   0 
 88 163  90   0  93   5  23   0 233  94 212   0 178 205 198   0  17 180  84   0 
178 205 198   0  17 180  84   0  65 130 116   0  61 220 135   0 233  62 161   0 
 61 220 135   0 233  62 161   0 225 252 103   0 126 151   1   0 220 107 150   0 
126 151   1   0 220 107 150   0  56  92  42   0 176  59 251   0 175  60  84   0 
176  59 251   0 175  60  84   0  24 219  92   0  26 254  67   0  58 250 170   0 
 26 254  67   0  58 250 170   0 209 230  41   0 124 148  60   0  97 216 190   0 
124 148  60   0  97 216 190   0 249  92 187   0 153  15 149   0 235 241 179   0 
153  15 149   0 235 241 179   0 239 247   0   0 161  58 229   0 203 208  11   0 
161  58 229   0 203 208  11   0 100 189  71   0  35  30 168   0 123 100 197   0 
